   1         "t+ih"   26  289.160919  67.067024  45.471039
   2      "ao-r+eh"   12   20.870384  30.879520  15.491253
   3         "t+uw"   26  310.732483  53.447418  83.045212
   4         "t-aa"    1    2.025209  10.916995   9.945285
   5         "t-eh"    1    1.000054   2.000015  30.237841
   6         "t-uw"   29   99.305634 323.391907 339.960083
   7           "sp"  440  11047.696289
   8       "k-b+aa"    1    1.140361  10.203206   9.100187
   9      "ny-ih+t"    1    1.000978   4.911142  10.485312
  10      "uw-k+aa"   32   68.776917  65.216721  96.191170
  11       "k-s+ih"    1    2.441244   6.899577   3.165580
  12      "ny-aa+k"    1    2.133969   1.995482   6.681902
  13      "ny-aa+l"   33   94.344604  65.779358  47.915859
  14         "l+aa"   25  321.336548 107.782181  97.400078
  15      "ih-b+aa"    1    0.999677   0.999670   1.526921
  16     "ao-ny+ao"    1    0.999919   5.511698   4.999923
  17      "aa-t+aa"    1    7.998119   2.788975   1.185477
  18      "aa-t+ao"    1    6.034485   1.999697   2.000031
  19      "aa-t+eh"    1   12.533384   1.999813   0.999990
  20      "aa-t+ih"   23   82.274574  43.418087  37.582924
  21         "l-aa"    1    1.035384  14.048523  11.195700
  22         "l-ao"   20   59.534256 238.554810 434.213318
  23         "l-uw"    1    5.744386  14.112459  11.410772
  24      "k-uw+ny"    2   12.799820   9.234174   1.999790
  25        "aa-hh"   47  135.496994 572.329712 500.941681
  26        "aa-ng"   28  263.281616 156.091110 247.774017
  27      "ih-s+ih"    1    3.691631  10.817616   2.931051
  28       "k-ih+b"    1    3.031252  12.138095   1.332322
  29     "ih-ng+ih"   21   28.989128  27.170053  31.091066
  30         "d+aa"    6   65.076096   7.010192  11.552633
  31         "d+ih"    2   14.127320   4.225350   1.999901
  32      "b-aa+hh"    1    3.455424  12.594832   1.004588
  33      "b-aa+ny"    1    3.559146   3.220611   3.844876
  34      "ao-b+ih"    2    2.379805   1.999512   7.410417
  35      "aa-l+aa"   52   66.970718  91.628082 252.176208
  36      "aa-l+ao"   22   26.472519  23.295082  28.594360
  37      "ny-ao+l"    1    4.019639   2.496376  26.527752
  38       "k-aa+l"    1    2.002741   5.288571   1.001191
  39       "k-aa+n"   55  116.755676 208.353668 123.929062
  40       "k-aa+s"   30   62.478813 178.992920  94.092148
  41       "g-ao+n"    1    5.547934   1.436497   7.039268
  42      "aa-l+ih"    1    1.863879   1.226045   3.743597
  43         "d-ao"    1    0.999968   5.738423   8.262273
  44      "uw-t+uw"   26  245.444321  53.508270  60.767586
  45         "d-uw"    1    8.584519  12.690033  10.279768
  46      "ih-k+aa"   23  118.427994  85.474548  74.433853
  47       "m-aa+k"    1    3.092196   3.618588   5.339483
  48       "m-aa+l"   18   60.806248  93.151573  42.701595
  49       "m-aa+t"   23   65.642387  72.903198 110.616753
  50      "ih-aa+g"    1    1.959497   1.020671   1.051589
  51      "ih-aa+l"    1    2.513341   4.511970   1.001731
  52      "aa-d+ih"    2    2.651939   2.000356  16.000580
  53      "uw-l+aa"    1    1.000298   1.071452   5.692615
  54      "uw-l+uw"    1    5.477613   1.001239   1.000021
  55       "k-ao+r"    1    1.970884   1.001846  13.101159
  56       "r-uw+m"   43  111.839630 185.666595  73.843132
  57       "k-t+ao"    1    4.969173   7.998638   9.996046
  58         "m+aa"   43  156.558792 104.770660  69.287521
  59      "ao-k+aa"    1    9.836359   1.381220   2.617898
  60       "p-eh+n"   21   74.857895  31.953501  27.969818
  61      "ih-ao+d"    1    2.267991   2.740036   1.025317
  62       "t-uw+p"   26  115.966248 135.492889 314.414673
  63       "t-uw+t"   26   81.103394  96.100136 123.995499
  64       "r-eh+m"    1    1.045162   4.194840  11.990817
  65     "ny-aa+hh"    2    3.000178   2.110226   2.015747
  66       "s-aa+t"    1    4.362232   4.014737   5.470728
  67     "aa-hh+aa"    2    2.845249   6.983037   2.017456
  68     "aa-hh+uw"    1    0.999934   1.000079   1.000264
  69      "hh-aa+g"    1    2.378993  10.466488   2.731940
  70      "hh-aa+k"    1    8.576389   6.027685  16.473904
  71      "hh-aa+l"   20   91.451241  96.992996  37.122601
  72      "k-ao+hh"    1    1.999114   1.000038  12.979793
  73      "k-ao+ny"    1   11.119174   3.501877   1.872763
  74      "ih-l+ao"    1    1.000624   0.999874   0.999848
  75     "aa-ng+aa"   16  108.693581  26.313370  21.035713
  76       "s-ao+r"   12   38.157089  55.827999  83.703171
  77      "uw-m+aa"   43   83.927933 227.930023  82.786514
  78      "hh-ao+l"    1    3.982270   1.000108  24.005962
  79      "uw-m+uw"    1    2.215320   4.655467   1.116356
  80      "g-aa+ng"    1    2.999769   4.866760   3.998295
  81      "g-aa+ny"    1    5.042747   1.606003   2.013555
  82      "ih-d+ao"    1   12.332471   4.052319   4.106189
  83         "n-aa"    1    4.072596  12.474808  12.422662
  84     "hh-aa+ng"   16   32.113049  75.738098  52.956577
  85     "hh-aa+ny"    2    7.103185   3.331968   8.142160
  86      "d-ih+aa"    2    1.999779   8.160656  18.561954
  87      "d-ih+ng"   21   28.403486  35.752628  31.058990
  88         "f+aa"    6   56.658749   9.223008  14.743657
  89      "ao-d+aa"    1   13.521052   0.999772   1.390063
  90      "aa-n+aa"    1    1.546814   5.802040   1.025526
  91         "f-ih"   26   53.246471  85.395576 293.193726
  92     "ih-aa+ng"   27   97.601532  97.511848  88.379829
  93      "p-eh+ng"   16   57.068771  40.618599  30.804070
  94      "m-aa+hh"   43  107.965065 117.064636  67.540764
  95      "m-aa+ny"    1    2.650672   3.073576   3.356341
  96     "aa-ny+aa"    5   16.760834  62.223354  40.115520
  97     "aa-ny+uw"    1    1.000178  17.276669   4.840723
  98         "uw-l"    1    6.296063   1.732606   1.055104
  99         "uw-p"   26   96.733963  75.764503  98.074982
 100         "uw-t"    1   14.903215  21.699560   7.448633
 101     "uw-ny+aa"    1    0.999901  12.999584   7.611797
 102     "uw-ny+ih"    1    0.999884  12.267540   0.999851
 103       "uw-l+k"   30   61.188511  42.368462  49.410702
 104         "eh-m"    1    2.062935  13.435556  16.278519
 105        "ih-hh"    1    0.999919   0.999919   3.358214
 106         "g+aa"    1    0.999999   0.999999  14.305661
 107          "sil"  110  504.131012 11047.696289 951.664246
 108         "g-aa"    1    6.693113   8.996415  18.984964
 109       "b-ih+d"    1    3.321095   6.760883   3.903380
 110       "b-ih+l"    1    5.011155   1.016139  10.973731
 111       "b-ih+s"    2    9.940656   7.237485   6.975100
 112         "g-ih"   20   71.330673 363.823700 226.986633
 113         "g-uw"    1    3.060716  15.053269   9.769186
 114      "l-aa+hh"    1    1.420213   1.046907   0.999951
 115       "b-aa+r"    1    3.946009  19.106747   9.209564
 116       "b-aa+t"    1    4.118994   6.348835   5.520461
 117      "b-ih+ao"    1    5.998628   6.701038   7.021541
 118       "d-ih+b"    1    6.999529   5.854389   9.886065
 119       "d-ih+l"    1    5.721132   3.055802   5.173975
 120      "s-ih+aa"   27   87.285141 308.237396 156.719193
 121      "aa-g+aa"    2    5.117338  10.731290  15.281819
 122      "aa-g+ao"    1    6.457502   2.432601   3.977230
 123      "aa-g+ih"   20   74.354774 127.667480 125.983131
 124      "aa-g+uw"    1    4.366307   5.581087   4.877127
 125       "d-aa+g"    2    2.009423   4.023493   4.712092
 126       "d-aa+l"    1    1.003278   6.337070   3.606771
 127       "d-aa+t"    1    1.002468   1.306678   6.014528
 128      "ny-uw+t"    1    7.880888   0.999934   3.939792
 129         "p+aa"   20   46.531101  26.730240  26.699205
 130         "p+eh"   37  189.594833  77.972115 381.679047
 131         "p+ih"   29   99.017143  32.410057  50.218048
 132      "ao-n+aa"    1    3.022506   7.973143   1.000100
 133      "ih-f+ih"   26  336.807831  86.625816 235.400970
 134       "f-aa+d"    1    4.424316   5.622730   4.922255
 135       "f-aa+k"    1    4.595745   1.534478  12.228810
 136       "f-aa+l"    1    5.006448   1.050558   4.965150
 137       "f-aa+n"    1    6.014182   4.693931   4.939602
 138       "f-aa+r"    2   10.709386  13.580072   4.604870
 139         "p-uw"   25  108.490578 378.067230 343.619080
 140       "s-n+ih"    1    1.015951   3.061120   1.086803
 141      "k-aa+ny"    1    1.157494   5.586517   4.253521
 142       "k-uw+l"   30  112.581627 257.816101 119.538879
 143       "k-uw+m"    1    2.993967   3.003140   1.012071
 144      "ao-f+ao"    1   15.235340   1.932542   0.999886
 145     "ng-hh+aa"   16   39.827625  31.546885  20.599890
 146       "f-ao+n"    1    1.075850   1.000493   5.870017
 147       "m-uw+l"    1    1.017268   7.981946   0.999930
 148       "l-k+aa"   30   56.678635  69.811226  78.245689
 149       "l-k+ao"    1    3.926141   1.999156   1.999770
 150       "l-aa+k"   32   79.524178 149.007339 173.566620
 151       "l-aa+m"   43  141.178894 198.430908 130.448898
 152       "l-aa+t"    1    1.009020   6.223499   8.967053
 153       "n-ih+s"    1    3.759331   3.299816   4.787742
 154       "n-aa+l"    1    4.001637   9.128811   1.010620
 155       "p-ih+n"   29  112.037148  63.844494  70.176445
 156       "p-aa+g"   20   72.773613 105.652084  72.889915
 157       "l-ao+f"    1    0.999886   6.210221   9.741356
 158       "l-ao+g"    1    1.011444  12.746034   6.239993
 159       "l-ao+k"    1    1.013232   2.489765   8.651412
 160       "r-ih+s"    1    8.806738   5.211895   3.365032
 161      "hh-uw+l"    1    6.490460  10.176877   1.000401
 162     "eh-ng+hh"   16   56.680183  30.206926  22.320135
 163       "t-ih+f"   26   89.822739 141.085831 111.601082
 164       "t-ih+k"   23   53.719612  58.080906 120.628067
 165       "n-t+uw"   29  117.107330  57.995651  77.209724
 166       "m-p+uw"   25   82.550652  34.607979  69.709961
 167        "hh+aa"   22  127.906715  50.105465  68.386620
 168       "r-ao+b"    2    1.999937  22.035364  11.059418
 169         "r+eh"    1    4.947304  12.753169   1.000275
 170         "r+uw"   43  314.893555 327.435333 154.542023
 171         "r-eh"   12   24.787857  54.924400 281.585022
 172       "t-ao+r"    2    4.876505   2.388865  23.402180
 173      "ng-ih+n"   21   42.915115  44.557285  66.436951
 174       "n-d+ih"   21  107.812012 115.222923  59.346638
 175      "ng-aa+t"   16   46.194363  99.188896  84.813713
 176      "aa-r+ih"    1    0.999846   1.322747   0.999831
 177       "eh-n+d"   21   42.395878 134.809280  45.518867
 178       "r-d+uw"    1    0.999854   0.999908   6.996873
 179         "b+aa"    1    2.702105   9.551702   8.375086
 180         "b+ih"    3   21.169239  85.164391  20.793016
 181      "l-ih+hh"    1    5.003068   6.005235  13.502280
 182         "b+uw"   32  140.985657 471.647400 327.921112
 183     "ao-hh+ao"    1    0.999923   0.999923   0.999923
 184       "g-r+ao"    2    2.071973  10.631795   5.566610
 185       "ih-n+t"   29   65.796967 240.965805 123.851021
 186       "aa-g+r"    2    4.517087  10.611436   9.809035
 187         "s+aa"    1    5.567617   7.608603   3.711260
 188         "s+ao"   12   67.277908  53.332134  43.965034
 189         "s+ih"   27  174.427185 146.375092 101.513580
 190         "s-ih"    2    6.312565  24.894707  13.956253
 191       "ih-s+n"    1    2.638765   5.112073   5.090706
 192       "aa-k+b"    1    1.009741   0.999674   0.999690
 193       "aa-k+s"    1    2.326915   1.026946   0.999932
 194       "aa-k+t"    1    1.017613   0.999953   1.001140
 195       "aa-l+k"    1    1.989551   1.012157   0.999929
 196       "aa-m+p"   25   39.583015 205.138214  75.724144
 197      "aa-b+aa"    1    2.226108   1.000000   3.964270
 198      "aa-b+uw"    1    1.050242   0.999933   8.916658
 199         "ih-b"    1   12.348343   1.126509   0.999812
 200         "ih-l"    1    1.065939   2.054788  21.924675
 201         "ih-n"   21   54.804527 221.750015 210.366623
 202         "ih-s"    2   10.655410  19.375580  40.699486
 203         "ih-t"    1   17.325148   8.996131   6.001733
 204       "aa-r+d"    1    1.018139   3.982465   0.999873
 205      "d-aa+hh"    3    7.006045   8.001587   4.998988
 206         "k+ao"    1    6.431160   2.352217   4.221587
 207         "k+uw"   32  168.361649  62.701847 124.792984
 208        "ny+aa"   32  138.731232 171.921478 144.967606
 209         "k-aa"   32   75.057205 416.992371 426.298584
 210         "aa+b"    2   15.279860   7.850292  16.690611
 211         "aa+d"    1    8.525393   1.304054   2.560267
 212         "aa+g"    2   17.237480   3.875825   6.749389
 213         "aa+k"    5   36.933098  13.389351  40.525433
 214         "aa+l"    2   16.986076   2.331898  11.107142
 215         "aa-k"    2   35.807621   2.186210  12.961445
 216         "aa-l"    2    1.999982   2.028152  31.569601
 217         "aa-m"   18   38.223061 175.755798 175.292847
 218         "aa-n"   55  133.332840 531.838318 448.278198
 219         "aa-r"    1   25.458271   0.999671   0.999670
 220         "aa-s"   30  157.483810 515.968628 249.704987
 221         "aa-t"   17  200.723679  56.006638  66.216682
 222        "ny-aa"    2    5.017939  10.077903  24.713238
 223       "b-uw+k"   32  111.856110 158.558792 409.526306
 224       "b-uw+l"    1   27.138037   3.854310   1.822912
 225      "aa-k+aa"   33  321.959137  83.687836  65.027382
 226      "aa-k+ao"    1   11.578487   1.999886   2.034910
 227      "aa-k+ih"    1    2.911315   1.341683   2.962620
 228      "aa-k+uw"    1    2.923649   2.000022   3.002315
 229         "ao-g"    1    0.999866   1.021389   0.999897
 230         "ao-l"    2    5.798156   2.059119   1.999859
 231         "ao-n"    1    3.321170  12.676948  15.996634
 232         "ao-r"    3   63.219776   5.994749   3.007274
